Ein : 1.6982306341708866
Eval: 2.12511504605217
