Ein = 1.8935998777278082
Eval = 2.0633471764852334

insert given private