Ein : 1.7018378100817033
Eval: 2.1277276841560875
