Ein: 1.8615429942615507
Eval: 2.1308750368710965
