Ein : 2.019336051252184
Eval: 2.0776545166402536
