Ein : 1.6953030822614987
Eval: 2.130521770919304
