Ein : 1.694198513071846
Eval: 2.1411790868241796
