Ein : 1.7027588464061758
Eval: 2.130233011623251
