Ein = 1.9017351067257071
Eval = 2.056582568417682

insert given private