Ein : 1.7026872515673188
Eval: 2.1302075422685065
