Ein : 1.6953117089683556
Eval: 2.1331564041142155
